array([[-9.94032741e-01,  9.47374523e-01],
       [-4.01525527e-01,  8.36456001e-01],
       [ 3.83714944e-01, -5.80175936e-01],
       [-1.21917760e+00, -9.03558582e-02],
       [-1.43567657e+00,  5.43495178e-01],
       [-1.51855743e+00,  1.78170979e-01],
       [-1.15500057e+00, -3.61689866e-01],
       [ 7.74266839e-01,  7.66699612e-01],
       [ 8.14975500e-01,  5.57429314e-01],
       [ 1.88435149e+00,  2.42968082e-01],
       [ 1.11869514e+00,  4.49853957e-01],
       [ 5.43172434e-02,  6.83624208e-01],
       [ 1.28407896e+00, -3.08864892e-01],
       [ 6.63005710e-01,  1.73884220e-02],
       [-9.41864133e-01,  9.58086431e-01],
       [ 1.53034043e+00,  5.48644841e-01],
       [ 7.70913541e-01,  4.18342680e-01],
       [-1.21095502e+00, -2.55002230e-01],
       [-1.38842976e+00, -9.34672117e-01],
       [ 1.99499384e-01,  2.45359078e-01],
       [ 2.49630705e-01,  1.14790344e+00],
       [-1.78162324e+00, -6.17248058e-01],
       [-1.74947333e+00,  5.07688038e-02],
       [-3.90742272e-02, -9.60438132e-01],
       [ 1.01397943e+00, -1.80907115e-01],
       [-2.36155808e-01, -8.72531235e-02],
       [ 3.89010370e-01, -1.45742381e+00],
       [-2.99640208e-01,  1.09540761e-01],
       [-1.40048695e+00, -6.79297626e-01],
       [ 6.53835654e-01,  2.98772722e-01],
       [-5.72449327e-01,  1.04986846e+00],
       [-1.49862444e+00, -2.19393130e-02],
       [ 9.63329732e-01, -1.48627782e+00],
       [ 7.54078746e-01, -1.01883554e+00],
       [-1.26518188e-02, -6.69346690e-01],
       [ 2.33768299e-01, -1.21850872e+00],
       [-3.02909523e-01, -5.44238746e-01],
       [-6.78283334e-01,  5.84882736e-01],
       [ 1.22574341e+00, -9.64451253e-01],
       [-2.78042965e-02, -9.26781833e-01],
       [-5.96740603e-01, -1.30174410e+00],
       [-5.56931913e-01,  3.59304138e-02],
       [-5.58854759e-01, -3.02784145e-01],
       [ 1.15117204e+00,  3.24790664e-02],
       [-6.84044540e-01,  5.14046550e-02],
       [-2.21634626e-01,  1.29798651e+00],
       [-5.41707538e-02,  1.26061344e+00],
       [-7.78262377e-01, -1.37415135e+00],
       [-3.38650256e-01, -7.93212056e-01],
       [-5.89195013e-01, -9.42175686e-01],
       [-9.66631293e-01, -8.67920160e-01],
       [-7.12115943e-01, -6.06145799e-01],
       [-3.95457149e-01, -1.02174914e+00],
       [-2.62827545e-01, -1.74542159e-01],
       [-3.23470570e-02,  2.77044475e-01],
       [-7.75773302e-02, -6.41063094e-01],
       [-7.35462487e-01, -4.17688131e-01],
       [-9.87529337e-01, -1.05847394e+00],
       [ 6.89048171e-01,  1.48572218e+00],
       [-8.58930111e-01, -3.26764524e-01],
       [ 1.11618865e+00, -6.77269280e-01],
       [-1.53796661e+00,  1.63471147e-01],
       [ 1.36784232e+00,  4.21045780e-01],
       [ 6.54553652e-01, -9.96737421e-01],
       [ 2.48452932e-01, -7.40410805e-01],
       [-9.12640572e-01, -1.78974211e+00],
       [-9.77575660e-01, -5.62699258e-01],
       [ 1.19819033e+00, -4.34822172e-01],
       [ 2.85162061e-01,  1.21272647e+00],
       [ 8.07099342e-01, -7.36815155e-01],
       [-1.01507473e+00,  5.62884092e-01],
       [-4.17739749e-01, -6.38489187e-01],
       [-4.36668068e-01, -6.06900454e-01],
       [ 4.30143148e-01, -3.46636295e-01],
       [ 4.47453886e-01, -6.74038768e-01],
       [-7.34830558e-01,  3.03760972e-02],
       [ 7.29553699e-01, -8.73965085e-01],
       [-2.57509381e-01, -4.41780001e-01],
       [-7.13088751e-01, -7.03195333e-01],
       [ 7.55082309e-01, -5.69010496e-01],
       [-2.56465852e-01, -9.09236133e-01],
       [-2.45134056e-01,  1.16298720e-01],
       [-3.13790031e-02, -2.93005854e-01],
       [-6.45372868e-01, -3.06554347e-01],
       [-9.94458497e-01, -6.71364427e-01],
       [ 1.81765735e+00, -4.78781611e-01],
       [ 1.51737285e+00,  9.41798687e-01],
       [-5.02510481e-02, -2.31341943e-01],
       [ 1.00961424e-01, -2.12272882e-01],
       [ 7.51759529e-01, -1.08815050e+00],
       [-1.27864778e-01,  4.09858137e-01],
       [-4.00128156e-01, -5.10200024e-01],
       [-8.00596833e-01,  9.58560631e-02],
       [-1.09118804e-01, -5.13560653e-01],
       [ 1.39275515e+00,  5.79769075e-01],
       [ 2.78600216e-01,  1.05308628e+00],
       [-7.27908239e-02,  1.58548164e+00],
       [ 2.12806866e-01,  1.57790995e+00],
       [ 2.54726946e-01, -9.64190066e-01],
       [-1.07139921e+00,  6.47453368e-01],
       [-1.23436898e-01,  1.02128851e+00],
       [-1.81281373e-01, -5.52786142e-02],
       [ 4.85388905e-01,  9.92730498e-01],
       [-4.96409863e-01,  8.04152489e-01],
       [-6.93555892e-01, -1.06207550e+00],
       [ 3.04983258e-01,  1.19950628e+00],
       [-2.82112025e-02, -8.87592733e-01],
       [-6.57082379e-01,  3.84624839e-01],
       [-8.76455128e-01, -1.07095234e-01],
       [ 1.12833989e+00,  9.77540433e-01],
       [ 1.35863408e-01,  2.17464924e+00],
       [ 5.06905913e-01,  6.07508838e-01],
       [-7.52997756e-01, -4.32968587e-01],
       [ 1.45831518e-02, -2.40752742e-01],
       [-2.56501853e-01,  1.29038692e+00],
       [-1.71095765e+00,  2.55711880e-02],
       [ 1.70538425e+00,  4.34007011e-02],
       [ 1.39231420e+00, -1.13399386e+00],
       [ 2.75182009e-01, -8.71792495e-01],
       [ 1.43488657e+00, -1.16413355e+00],
       [ 6.35366917e-01, -1.06204406e-03],
       [-5.08540571e-01,  8.04587424e-01],
       [-5.01030497e-02, -1.63364187e-01],
       [-3.48418444e-01,  2.67760456e-01],
       [-6.59765005e-01, -7.37557411e-02],
       [ 1.81928560e-01,  4.13909376e-01],
       [-4.36998857e-03,  2.45117173e-02],
       [-1.79472104e-01, -2.66083837e-01],
       [ 4.30768698e-01, -1.28823981e-01],
       [-5.46706378e-01,  2.05975503e-01],
       [ 1.14389336e+00, -2.37089649e-01],
       [-2.02191204e-01,  7.28270590e-01],
       [-3.38941991e-01,  2.73436029e-02],
       [-2.61952996e-01, -1.17429249e-01],
       [ 1.03741825e+00,  2.46145986e-02],
       [-4.18671966e-01,  5.61865807e-01],
       [ 9.05595183e-01, -1.04763937e+00],
       [-1.17834795e+00,  3.40873718e-01],
       [-5.17323494e-01,  7.21607268e-01],
       [-4.38609451e-01, -7.80508161e-01],
       [-3.04931253e-01, -2.86793299e-02],
       [ 6.90649390e-01, -1.29429889e+00],
       [ 1.59798932e+00,  1.83232605e-01],
       [ 5.56838989e-01,  2.00382090e+00],
       [ 7.35429943e-01,  9.60137844e-01],
       [ 4.55327958e-01, -1.06806231e+00],
       [-1.31444156e+00, -4.22031432e-01],
       [ 6.10601127e-01, -4.10294056e-01],
       [ 4.43013012e-01, -3.58682811e-01],
       [ 5.92766821e-01, -7.21027970e-01],
       [ 3.06480974e-01, -5.53927302e-01],
       [ 4.49623913e-01, -6.37477696e-01],
       [ 2.80603915e-01, -7.59058714e-01],
       [ 3.07038516e-01,  8.87872100e-01],
       [ 1.50531888e+00,  1.66371477e+00],
       [ 8.48149836e-01,  1.19462585e+00],
       [ 2.85809457e-01,  1.22127116e+00],
       [ 5.84408104e-01,  1.32870495e+00],
       [ 1.08013153e+00,  1.32734227e+00],
       [ 7.00404346e-01,  1.18884611e+00],
       [ 9.36167598e-01,  5.57181776e-01],
       [ 1.36482263e+00, -6.87195063e-01],
       [-7.86777496e-01,  2.64787406e-01],
       [ 3.16828996e-01, -3.15669000e-01],
       [ 2.54095763e-01,  1.11731100e+00],
       [ 1.73578548e+00, -9.93494511e-01],
       [ 9.03209090e-01,  4.69672352e-01],
       [ 1.09343505e+00,  2.09504664e-01],
       [ 1.55230069e+00,  3.11653703e-01],
       [ 1.01144397e+00,  5.52578986e-01],
       [ 1.37950587e+00, -1.38584301e-01],
       [-6.23931050e-01, -7.49467492e-01],
       [-1.05505228e+00,  7.80585408e-01],
       [ 6.13377512e-01, -6.71461463e-01],
       [-3.61645520e-01, -7.42279470e-01],
       [-1.37561131e+00,  1.86557353e-01],
       [ 9.01745439e-01, -1.09873623e-01],
       [-1.59816310e-01,  1.33076942e+00],
       [-8.58191609e-01, -4.16227609e-01],
       [-1.29776585e+00,  2.07181331e-02],
       [ 3.96644145e-01,  8.67841959e-01],
       [ 4.76739764e-01,  1.34346831e+00],
       [ 5.44658184e-01, -3.08897644e-01],
       [ 9.36487988e-02, -4.97582644e-01],
       [ 8.06147695e-01,  9.06852961e-01],
       [-2.71209687e-01, -1.19021606e+00],
       [ 2.31162667e-01, -6.97804630e-01],
       [ 4.61970150e-01, -5.44583142e-01],
       [-3.79579991e-01,  1.05446148e+00],
       [ 5.34278341e-03, -8.15234363e-01],
       [-1.52088511e+00,  4.10198867e-01],
       [ 4.09162372e-01,  3.87509912e-01],
       [-8.13164353e-01,  1.21363688e+00],
       [-2.74167478e-01, -2.38124095e-02],
       [-4.15936187e-02,  3.50862235e-01],
       [-8.68893385e-01, -6.76397562e-01],
       [-3.23208183e-01, -2.85552025e-01],
       [ 1.01723385e+00, -3.13153476e-01],
       [-4.59243953e-01,  1.38463065e-01],
       [ 3.30047429e-01, -1.46601081e-01],
       [ 3.38964313e-01, -1.12568378e+00],
       [ 2.86572158e-01,  1.76168299e+00],
       [ 1.12548321e-02,  2.70121872e-01],
       [-1.85802370e-01,  4.07334566e-01],
       [-5.84097028e-01,  2.73692608e-01],
       [-7.46498942e-01,  6.29935861e-01],
       [-2.15639487e-01, -6.53593779e-01],
       [ 3.07684362e-01, -7.96173573e-01],
       [ 1.04936528e+00, -4.19635594e-01],
       [-3.95411253e-02, -3.58115196e-01],
       [-6.29148722e-01,  3.86926353e-01],
       [ 3.34655643e-01,  2.20659450e-01],
       [ 1.50531888e+00,  1.66371477e+00],
       [-3.81114453e-01,  1.43116140e+00],
       [ 7.13567793e-01,  1.92824042e+00],
       [ 1.61145478e-01,  1.30663589e-01],
       [ 2.03351587e-01,  1.43702841e+00],
       [ 6.28686249e-01, -9.53123793e-02],
       [-1.07406104e+00,  1.31452754e-01],
       [-1.39561367e+00, -4.85252619e-01],
       [-1.07503557e+00,  4.58824873e-01],
       [ 2.47841254e-01,  5.40596604e-01],
       [ 1.03737879e+00, -6.44655883e-01],
       [-5.74183047e-01,  1.45869941e-01],
       [-1.09634745e+00,  1.09457731e+00],
       [-1.13343203e+00, -4.41830933e-01],
       [-1.14212620e+00,  6.36561990e-01],
       [-4.61184114e-01,  3.41725439e-01],
       [-6.41842484e-01,  4.85978246e-01],
       [ 1.67703915e+00, -4.47638363e-01],
       [-1.41227841e-01,  6.10868990e-01],
       [-1.70975494e+00, -4.26431745e-01],
       [ 1.56487215e+00, -2.61986852e-02],
       [ 1.99219441e+00,  6.19655810e-02],
       [ 1.79985136e-01, -1.81786507e-01],
       [-4.78433305e-03,  1.44761905e-01],
       [ 1.08965504e+00, -1.14526248e+00],
       [ 2.20391124e-01, -5.68864383e-02],
       [-2.87399590e-01, -1.03342915e+00],
       [-5.99575102e-01,  9.39953178e-02],
       [ 4.31726873e-01, -5.26782751e-01],
       [-7.45081365e-01, -4.67675805e-01],
       [-1.05084372e+00, -3.55650961e-01],
       [ 8.83896351e-01, -9.00528848e-01],
       [-7.95616284e-02,  2.20768407e-01],
       [-7.46235132e-01, -5.15310168e-01],
       [ 4.44183826e-01, -1.24270606e+00],
       [ 1.24793544e-01, -7.65358627e-01],
       [-7.64780462e-01,  1.82398170e-01],
       [-1.11869919e+00, -1.14097886e-01],
       [-5.25822639e-01, -8.59543979e-01],
       [ 1.57774910e-01, -7.01059639e-01],
       [-3.12646538e-01, -3.73917699e-01],
       [ 3.37323099e-01, -3.68776247e-02],
       [-5.10992706e-01, -1.27021265e+00],
       [-1.53329444e+00, -3.56642574e-01],
       [-1.18130612e+00,  1.66947752e-01],
       [-8.69492665e-02, -6.88898802e-01],
       [ 3.03852320e-01,  1.92422843e+00],
       [ 5.73959947e-01,  1.05556536e+00],
       [ 5.53865694e-02,  5.28738260e-01],
       [ 1.71373144e-01,  1.04026057e-01],
       [ 3.23155105e-01, -8.66977513e-01],
       [ 7.57876784e-02, -1.31765687e+00],
       [-4.47287440e-01, -1.80578208e+00],
       [-7.49478161e-01, -2.40448177e-01],
       [-9.97103527e-02, -6.31989479e-01],
       [ 5.46327472e-01, -5.66565394e-01],
       [-1.15320051e+00, -3.49784404e-01],
       [-1.05470169e+00, -1.00687273e-01],
       [-5.44014990e-01, -1.13775194e-01],
       [ 5.20381808e-01, -6.21601880e-01],
       [-6.27209187e-01,  6.71128929e-01],
       [-2.87755817e-01, -7.88627744e-01],
       [-1.17015469e+00,  6.72577918e-01],
       [-4.66587543e-01,  1.57146800e+00],
       [-5.98349310e-02, -6.28642261e-01],
       [-1.76587641e-01,  1.00188005e+00],
       [-1.76587641e-01,  1.00188005e+00],
       [ 7.49649778e-02,  8.90297115e-01],
       [-5.65633714e-01,  7.95070291e-01],
       [ 1.93675175e-01,  1.02087128e+00],
       [ 1.12900147e-02,  9.33353066e-01],
       [ 1.31338167e+00, -7.83110797e-01],
       [ 3.37027550e-01,  4.66155857e-01],
       [ 6.23107672e-01,  9.20253098e-02],
       [-6.14162207e-01, -1.60100430e-01],
       [-1.69368699e-01, -2.33586103e-01],
       [-7.25680172e-01, -3.22996587e-01],
       [ 3.98485065e-01, -1.22897792e+00],
       [-8.97671878e-01,  4.82039936e-02],
       [ 1.27434468e+00, -2.28438288e-01],
       [ 1.50339043e+00, -6.40575230e-01],
       [ 6.05193138e-01, -9.07112777e-01],
       [-1.42253369e-01, -3.24682027e-01],
       [-1.10926539e-01,  1.11830378e+00],
       [-6.17153406e-01,  4.66326565e-01],
       [ 1.41944611e+00, -5.12580097e-01],
       [ 1.21084109e-01,  1.49080431e+00],
       [ 1.15477107e-01,  1.41278064e+00],
       [ 2.07694188e-01, -1.27488160e+00],
       [ 1.08313072e+00,  1.06233203e+00],
       [ 9.36878026e-01,  8.81769180e-01],
       [ 9.90825593e-01, -8.92882794e-02],
       [-2.89244831e-01, -1.09802389e+00],
       [-1.52148116e+00,  2.15454012e-01],
       [ 9.06056881e-01, -1.13001609e+00],
       [ 1.49655864e-01,  2.15882927e-01],
       [-1.04510091e-01,  7.13977396e-01],
       [-3.73379201e-01,  7.76881635e-01],
       [-7.65620232e-01,  6.85032785e-01],
       [-2.49099284e-01,  3.74126852e-01],
       [-6.92663014e-01,  5.38775027e-01],
       [-6.69017911e-01,  1.16110355e-01],
       [-6.78073883e-01,  5.42800963e-01],
       [-4.51746792e-01,  8.78701329e-01],
       [ 9.67100620e-01,  7.84338340e-02],
       [-1.07103038e+00, -1.68917984e-01],
       [ 4.40223366e-01,  4.89075065e-01],
       [-2.77823776e-01,  1.10112739e+00],
       [ 1.29381943e+00, -9.81674850e-01],
       [-5.67339137e-02, -1.02421796e+00],
       [-1.21085715e+00,  4.37794119e-01],
       [-2.12745115e-01, -2.94484705e-01],
       [-5.07262051e-01, -9.07465369e-02],
       [ 3.67015988e-01, -5.49351335e-01],
       [-2.37466916e-01, -5.79471052e-01],
       [ 1.42071283e+00, -3.81800860e-01],
       [ 5.92766762e-01, -7.21028090e-01]], dtype=float32)
